Mejores parámetros Ridge:
{'poly__degree': 3, 'regressor__alpha': np.float64(0.029864477721474755)}

Mejores parámetros LASSO:
{'poly__degree': 3, 'regressor__alpha': np.float64(1.4610865886287199e-05)}

Modelo ridge
R^2: 0.8734703300395681
MAE: 144154.68814069516

Modelo LASSO
R^2: 0.8367471298835357
MAE: 158889.56464848912

Modelo ridge
coeficientes: [ 1236236.54226777    79371.53269107   -96333.66069079   416359.12851395
   665191.64429667   -18270.316739     215757.23105701  -401733.72202828
   149162.0616218   1018880.80259879  -662680.28517957   787850.73358062
  2511779.31453823 -1399896.21647264 -1830121.38488012   900541.90892433
  1030567.85771516  2650414.22933736 -1936848.21592472 -1764273.16902223
 -1275465.44116036   337248.43141778  -711925.90151314  -124820.45220282
  1355828.14685207  -480108.7306031    700708.893708    2457395.36610201
 -1023385.51781472 -2021103.56807775   718333.29450883   731746.06199232
  2500047.16826197 -2122405.221129   -1421662.5995354   -710268.92817749
   618233.39302717   120918.81313288  1759854.03801739  1658996.49765797
 -2306847.24953908 -2135188.30914658 -1629124.54614577 -1744180.15823109
  1698734.7752137   -286496.73341024  1274754.25172571  1768681.77190152
   513587.9282716     20237.49334807  -842616.84336997 -3779503.16879169
  -155814.68762931  2400055.04573618   147664.97090251]
intercepto: 348505.1600528394

Modelo LASSO
coeficientes: [  335835.56659112   311002.86701595   675006.53643253   485612.79239227
   269856.24874848   -19278.98840186  -586905.40266568    82867.54100056
   446820.93909752   163234.23518177  -294300.93431051   279478.07537967
   -15508.52647585  -939159.97033963  -459547.70183351   696328.72775773
  -804110.60860418   465151.85007541  -740068.80584935   515239.63909367
  -378697.23326906  1268992.79049777  -182248.4307919    515607.39714753
   398470.11079239  -151457.84407433   226418.47751534    18094.65083451
  -732532.89747624  -517836.56896964   694345.66763726  -581024.695513
   277447.45678792  -528937.77733103   459000.57480951    -3266.97046899
   582284.04142042  -186755.16106196   206671.12772421   -83171.02357802
  -111140.51964082  -212704.72240926  -307658.02490064   -19631.7433624
  1068472.54091968   242861.90567759   430363.91091601   -62566.80034867
  -214344.94386655   421881.15764285   759826.21679916 -1656340.91406343
   623449.3081831    -36712.81734596 -1343569.43857488]
intercepto: 348505.1600528987
